2a1e520b-142a-3fc8-a6c1-f77b8d4ad856:
  s:
    world: world
    x: -392.6002618134565
    y: 65.0
    z: -206.10694685868344
    yaw: 102.82178
    pitch: 13.260307
